16191 778
13072 16191
16209 16191
16191 7231
16191 16191
16191 16161
16150 16191
21055 3647
2830 16223
16191 7743
2337 18041
16191 16191
16191 16191
16191 16191
16231 16175
16191 9279
16150 16191
16191 16173
16191 16191
15167 858
16191 16191
14655 1873
3602 16191
16191 2111
16191 16191
16191 16191
16191 5446
9773 16191
16162 16191
16191 28991
26431 31604
16191 16191
16191 16191
26958 7487
16191 16907
16191 16191
16191 30271
16191 21055
16191 16138
16191 16200
16191 16191
16191 16191
16212 16191
16208 16191
9535 3624
20336 16216
15679 32631
16191 2111
2088 16191
16191 12095
16180 1061
16191 16200
1343 16131
10559 16191
16132 16191
16191 16191
16191 16191
16191 14655
30981 16191
16191 16133
16191 19007
16191 16191
16191 26383
22079 16238
25429 16255
16191 23413
16136 2367
16191 16191
32084 16191
16140 16191
16191 16191
4927 4141
16175 16191
16191 11319
16191 16191
16191 16191
16191 16221
23359 16191
16191 16233
16191 16191
16703 16191
14354 16138
16191 16191
16191 16191
16191 16191
8511 16188
4671 23111
16191 16191
1818 319
16191 21807
16191 18204
16189 16191
319 16191
16191 16191
16191 16191
8255 16191
16191 16255
16198 16234
16215 16191
9023 1855
16191 4126
16191 2328
9535 16191
10815 16191
16191 16191
19475 3903
9535 16179
16191 16186
16191 19519
16163 30527
4671 16138
16191 16191
16191 16191
2367 3330
16239 15423
16191 21823
16191 16191
16191 22608
16234 16191
16191 13887
7950 16191
4159 1087
16191 16191
16191 16191
14621 16191
14143 16191
16168 16191
3391 16191
31829 16191
16191 18495
12099 16191
16234 15411
16191 16158
16191 27455
16167 18239
16191 16191
10287 16191
16189 16211
16191 5447
16148 16191
16191 3918
16191 16136
17233 16191
16191 18754
16191 16191
16161 16191
31295 27455
16191 8525
16191 16150
16191 24640
16191 16191
16191 16172
16191 26900
517 16191
16191 16191
16224 16191
16191 16191
16191 13631
16191 16191
9999 16191
16191 16136
16191 18495
24895 16143
30015 16191
16191 9279
2840 16193
16191 16191
16191 16191
16191 16203
16191 18751
1855 16191
16191 16132
16191 319
17460 27700
16191 16191
16147 16191
32319 12863
16233 16191
7944 16254
9535 1407
16165 9023
6719 16163
16191 16191
5695 16146
16191 16191
16191 16189
16191 12134
16190 24349
16191 16145
7999 22026
16191 16229
16191 16191
17215 14081
16170 1599
16191 16191
16191 10303
16191 8255
16191 16191
18710 16191
16191 16191
16191 16227
19519 16191
16191 16191
16200 7743
27507 16191
16193 16191
16191 319
2105 17727
16172 12863
16254 16191
16168 16191
16191 3620
12359 16163
16191 17215
16191 17983
11839 16183
7231 11814
14885 16173
32063 16191
16191 16191
16191 16191
16191 16191
21034 16191
16135 16191
16191 16191
16191 13877
22280 16191
16191 16191
16191 16191
2879 16191
16225 13631
16208 16191
16191 23103
16191 23871
16191 16191
10815 16131
6463 829
16191 16191
16191 17703
16170 16191
16191 575
16235 7743
16222 16171
16191 16191
16191 16191
13887 16191
16191 27967
16191 11839
16191 16191
16191 16158
16191 16133
16447 16191
16167 6463
26640 16224
16159 16191
16191 16191
16253 28479
16148 13119
16235 16191
16191 16191
16191 16191
16191 7436
31273 16191
30015 16191
5238 16226
16191 15457
16180 11583
11571 25197
16191 12863
16214 16191
16221 16191
16213 16191
16160 3903
16191 16191
16191 16191
12607 16191
16191 1401
16254 16191
16154 9067
1537 16191
4126 16191
16191 16250
16191 10047
6662 16180
16191 16246
16191 10559
16191 26371
1840 12342
16191 16191
16157 16189
16191 8511
16191 3391
16191 16220
16251 13375
16191 16191
16191 16191
16191 6463
16146 16221
4415 16447
16249 16163
16173 16191
16191 16191
31039 16249
16191 829
16191 16191
16191 2111
16191 16191
16425 16191
16191 21026
16156 2879
16191 22335
16191 16211
16176 1087
6913 16179
2111 16191
16191 16191
23359 10303
16191 16215
16191 1855
16191 16191
3342 16191
16191 9535
16191 16191
16184 15433
20031 16191
16191 2623
16144 21567
16191 16191
16134 8255
2087 28479
16139 4927
30493 16191
16191 16191
16179 16703
16191 2598
16191 30228
16136 3903
16195 16191
8511 16447
16149 12095
16191 19522
16252 16191
9487 27166
16191 32319
16191 4927
24383 16154
18751 16148
16191 16191
12607 8767
16235 16191
15423 16229
16140 5439
16191 16191
16191 16129
27199 16191
16191 831
794 16216
11327 319
16238 16191
16238 18470
16191 16191
15110 16191
16191 16191
16191 16249
31551 16177
19775 16182
16191 14911
16241 14934
16174 15167
16191 16191
16145 16191
16191 14911
23570 16191
20799 16233
16191 16191
16191 16240
16148 16191
16169 16191
16191 3647
16246 2914
16241 6975
16191 16133
20287 16191
16387 16191
28708 16145
16191 16191
16191 3104
16191 1343
3109 16191
16191 16191
16191 24639
16191 16166
16191 16191
16191 25107
16191 16191
16191 16191
12560 20337
16191 12663
16255 20543
16191 16191
25919 16191
16191 16191
16191 16179
14399 16164
16191 16191
831 16191
16191 16191
9791 16191
16191 16191
16206 16191
25919 16191
16191 16233
16191 16191
16227 16191
1855 16159
6975 16191
16191 10849
16191 16191
838 16191
16191 16191
16191 16191
16209 16153
16191 13631
16191 16189
14911 9315
14655 16229
16201 2111
16191 16241
16191 21311
16191 16191
22079 16191
10047 15933
16191 5183
13131 16191
16158 16191
16191 16144
16191 18239
16191 16191
28750 25407
12123 16191
16191 16191
16191 16238
28479 11583
16142 18495
16191 19995
15679 16191
538 16152
16191 16191
9023 16191
16148 14911
16252 16191
16191 16154
13887 16194
16191 17215
14655 31807
16191 23359
16191 16191
16191 16216
5918 16191
16191 16191
1855 16191
16191 16191
16191 3625
16191 19293
16233 31501
16191 16191
16131 16191
16191 319
29503 24356
16191 20287
9330 16153
16191 16191
16191 16191
23615 16191
16191 16191
11327 16245
10519 16191
16191 16159
3105 13583
5133 16191
16130 16191
16191 16223
11071 32337
16181 28735
1343 2361
16191 16191
16191 16191
16176 16191
5392 11561
16191 16191
12822 10756
5166 27967
16189 16191
16191 16191
16191 16143
831 11597
16191 16191
6678 16190
16191 4927
16191 22800
16191 16183
13631 16178
16191 16191
16153 16191
17727 16959
16191 16191
16191 16191
5660 16191
13139 16191
16191 17727
8458 13369
10004 16191
16191 12576
16191 19217
16191 16191
16191 4415
16207 16191
16135 18755
16191 16147
16191 28479
16191 16191
16133 16191
16191 16173
16163 16703
16191 16249
16191 16191
16191 16191
31039 16191
16191 16166
17983 16191
525 16251
16191 16191
16191 319
26436 16191
16191 16191
30513 16191
16191 25407
16147 27455
21311 8034
16191 16191
16191 16191
13887 6975
10498 16191
16191 16191
16191 16191
21593 16191
16191 30783
15617 16191
6207 26915
16191 16191
16233 16191
6975 16191
16191 16191
16191 16191
18495 19519
16191 16191
16191 16191
16191 31306
16161 16191
16191 21055
16150 16191
32063 16191
16191 16191
794 15618
16191 28223
16191 21823
16191 16205
13182 16221
16191 16132
16191 16191
14143 31768
16191 25407
16191 7743
16191 8255
16241 16222
16191 16191
16134 18435
16191 16249
16191 17983
16678 16249
16191 17983
16191 16191
16191 16166
16249 2623
18486 16199
16191 16191
7511 16191
12824 16230
16191 16191
2111 1641
16191 16191
3337 17409
16191 16220
28704 16191
16191 16191
18803 16226
24597 16144
2879 16191
2623 16187
16227 16193
27455 6719
16191 21055
16225 16191
16437 16191
3391 20031
16225 16191
16191 16191
27455 16191
16191 2643
16191 23075
18494 2054
16191 16191
16225 20287
30746 14911
16191 16191
22540 16191
16132 16191
16191 13375
27967 16189
16191 8255
16131 9535
16191 20748
9283 16191
19310 16191
16191 16191
16191 16191
5947 16191
24895 16137
28223 16191
16191 16191
16191 10778
16191 21567
16179 16191
16191 16173
16191 16155
18495 16233
23871 16191
20799 16191
16222 16191
16178 6207
5174 16191
16191 6701
23135 16177
30783 16191
16191 16191
14399 16251
16191 1855
21563 16191
16191 16191
17471 16189
8255 16189
2111 16191
16191 16191
16254 26422
16191 16230
6207 16130
16191 3647
16187 16191
20543 7999
16160 16191
16191 16191
16447 31295
16208 16191
16191 13887
4134 16192
16149 16191
21823 16191
14143 16170
16142 17215
16186 16191
16191 16959
16191 17693
16184 25407
23359 16191
16191 16191
16191 16191
16191 15712
16175 16137
16191 4671
16199 16191
16191 16191
7999 1343
1571 16191
16191 14406
22845 16191
30015 16191
16191 16191
16191 12095
16220 16191
16191 16191
16194 19519
16148 16139
31551 16200
5439 16173
16191 16191
16191 549
2111 16191
16191 12125
16191 31295
16191 16138
16191 29759
11531 19519
31091 14399
16146 16191
16191 16191
16168 16191
16191 7231
16191 21003
16143 2879
16191 16191
16191 16141
16191 16129
16191 16191
4159 11583
532 16191
16254 8520
16191 16191
19821 16191
26175 16167
16191 16191
16191 16199
16191 16191
16191 30527
16191 1343
16211 16191
16191 31295
16226 16191
16191 16191
6145 16191
16191 16191
17727 16191
1311 16191
16191 30271
26682 16191
16191 16191
6949 16191
14901 16191
11063 28224
16191 16178
16191 16191
18468 8194
16191 16233
16191 4415
16191 16191
3885 20246
16191 16191
1039 16191
10559 16191
16191 16191
16191 16222
831 16233
16191 16191
16191 16191
16191 16191
16211 16191
8970 16191
16253 16185
10846 16233
16191 16191
16238 12607
16191 16191
16191 16191
16191 16226
16191 8298
16191 16191
16191 21823
16191 5717
16191 19007
13375 23871
16191 16212
16191 13887
16191 16130
16191 16191
25407 16191
9269 16146
18227 16191
29523 16149
10571 16191
16191 16191
31604 16191
16191 16191
16191 14143
16191 16191
16191 16191
5140 1548
16161 25407
16191 16191
16191 30231
5695 16191
12598 18495
16191 16191
16247 11327
16192 16191
9023 16191
16191 16191
16191 16191
16191 16223
16191 16206
16191 16191
2111 16191
3903 16191
16209 2623
16191 7191
16129 16191
16191 17983
16191 16191
16191 16132
16191 16191
16159 16191
5439 2831
16135 1146
16209 16148
16191 22847
26431 16191
16246 16196
16191 5172
7999 16191
16191 16191
7743 16191
16191 16170
8767 16129
16191 16191
5951 16191
16191 4144
16191 16191
16143 16191
24639 11123
16136 16191
16191 21311
23064 22591
24639 16253
16191 28991
14143 16139
16191 16145
31039 6463
16191 16191
831 16191
12607 16191
3903 22343
16191 16191
16215 16243
21590 16191
16135 16191
27455 14911
16191 16191
16191 16191
16191 1087
11315 24891
16209 13887
16145 16191
5183 16191
16192 13631
16196 16191
16191 31807
16191 16938
21507 16191
15167 6456
12351 8767
13360 16248
16191 16191
11066 16191
20751 16191
16191 3391
16191 5122
16148 16191
9535 22060
16191 22591
20781 16139
16191 19775
8058 16191
16191 8255
14857 16196
16229 16191
16191 1855
27226 19775
32626 16191
2367 28223
16246 16191
16191 16143
16191 16191
16191 16178
16191 16191
16191 16191
16191 16167
16191 9279
16191 9535
12351 16165
12863 26178
16191 9535
16191 16191
16166 16191
16191 1542
16247 27711
16191 513
5998 16195
16205 16191
16191 16191
16191 16191
20031 16182
16191 18751
16191 26899
16191 16191
16191 17727
16191 16191
16191 16177
16191 16191
16227 16236
16191 1885
16194 13887
16172 16191
16165 10047
16191 16191
16191 16191
16191 1599
17727 16227
24639 16191
16208 16236
16191 831
16191 16191
16174 9535
16191 2869
16191 11269
16191 15988
16191 9046
16191 16191
16191 17436
16191 16191
22847 16192
16191 24383
16191 16191
16191 10778
11522 16191
17747 16191
16191 17452
16138 5951
16191 6207
11266 16149
16191 16191
25632 21330
16191 16191
16191 16191
6975 16191
16191 16191
16191 14091
9023 16191
16191 3631
16191 16143
16251 16191
14717 6463
3091 16191
16191 16191
16184 6975
16191 16191
16191 16191
16223 28735
16191 16140
19007 16147
319 16191
16155 16191
16159 14655
19263 16226
16191 594
5695 16191
16191 6402
16191 16191
5695 16191
16191 16191
16224 32063
16191 16191
16192 16191
7487 16191
16191 298
16215 16191
1343 5951
16191 16191
16144 16191
7999 16199
28991 32319
16191 16191
16191 16191
4671 16191
4671 16191
16191 10047
16403 16191
16191 22374
16165 8255
16191 16191
4159 20299
16191 16191
5198 16191
16185 16191
16191 3855
6458 15679
16191 16191
5184 16191
20503 16161
16191 1575
16191 16191
16932 16191
16191 16191
16191 16192
16191 16191
16230 16191
16170 23582
16169 3135
515 16191
14620 16191
16191 28479
16194 16191
13641 18239
16165 16191
16191 16191
16191 16236
16191 25407
20543 16205
18751 16191
16191 16207
17705 16191
1028 16211
28251 16191
25151 16191
16191 3590
16191 16191
16191 22335
